Biased - Standard Vector for science:
[ 0.10906   -0.086765   0.10627    0.44888   -0.056418   0.20892
 -0.016693  -0.25376    0.1194     0.28873    0.17414    0.39637
 -0.21174   -0.25297    0.14636   -0.50184    0.4051     0.23606
 -0.33897    0.22619    0.02415    0.34329   -0.15504   -0.49495
 -0.33449   -0.13143    0.03864    0.033687  -0.0085741  0.091025
 -0.24949    0.43062   -0.50729    0.25964    0.045393   0.10178
  0.24629    0.017884   0.049903  -0.024096  -0.21521    0.12311
 -0.58856   -0.067786   0.12735   -0.24322   -0.094541  -0.36226
  0.10282   -0.61313    0.18595   -0.14041    0.18779   -0.42272
 -0.2159    -0.23857   -0.21663    0.083608   0.19358    0.20706
 -0.20038   -0.067488   0.087705  -0.089407  -0.080633  -0.16355
 -0.30085    0.15657    0.046604   0.28483   -0.17658    0.023569
  0.37794    0.28682   -0.10284   -0.16682   -0.051283   0.30244
  0.25004    0.27342   -0.058123   0.26356    0.048653  -0.14089
 -0.052229  -0.21402    0.19715   -0.17561   -0.14555   -0.34689
  0.0015597  0.14545    0.38536   -0.65423   -0.091124   0.36333
 -0.14262    0.20461    0.0033033 -0.047512  -0.19585   -0.21279
  0.053593  -0.047466  -0.61003    0.23771   -0.3487     0.030812
  0.035229  -0.21111    0.06545    0.32341   -0.18166   -0.060813
 -0.2839    -0.24015    0.078397   0.34837    0.02401    0.16896
 -0.033856  -0.4687    -0.13147    0.033578  -0.10881    0.026636
 -0.086068   0.27835    0.0098933  0.079513   0.12277   -0.12645
  0.36835    0.118     -0.12072    0.1255    -0.33292   -0.36521
  0.47575    0.43834    0.031788   0.027667   0.246      0.023277
 -0.24597    0.31843   -0.051675  -0.37583    0.074817   0.26216
  0.26205   -0.032435  -0.30565    0.068967  -0.080944   0.12459
  0.096013   0.086397  -0.15823    0.32968    0.08373    0.6634
 -0.19363    0.021294   0.66555    0.35906    0.36558   -0.2522
  0.27673    0.40515   -0.066811  -0.16666    0.083932  -0.30101
  0.087806   0.76824   -0.081982  -0.13811   -0.039674  -0.013155
 -0.21048    0.41207    0.32019   -0.27844    0.014376   0.076612
 -0.10398    0.28884    0.10532    0.13101   -0.31357   -0.28372
  0.18552   -0.34963   -0.21958    0.10243   -0.46335    0.046772
 -0.23179   -0.18915    0.066941   0.28133   -0.4511    -0.26574
  0.10416   -0.10506   -0.19638   -0.2374     0.046812   0.42087
  0.62506   -0.073103   0.091029  -0.13022   -0.21063    0.034086
  0.13551   -0.043708  -0.32872    0.13756   -0.23261   -0.34125
 -0.63864    0.035716  -0.62559   -0.36903    0.11207   -0.15616
 -0.34142    0.078214  -0.15711    0.099259  -0.17725   -0.12162
  0.27571   -0.065325   0.13337   -0.096735  -0.15404   -0.03229
  0.02553   -0.049197  -0.23983   -0.34034    0.17151    0.28492
  0.14671    0.30391    0.121     -0.10555    0.028387   0.45146
 -0.2667    -0.094579   0.24916    0.074326  -0.091804  -0.26447
  0.20781   -0.048961  -0.5106    -0.011477   0.30274   -0.21099
  0.16079    0.53429    0.048794   0.025083   0.15705   -0.18233
  0.15783   -0.020542   0.049079   0.14135   -0.38132   -0.094353
 -0.37082    0.32715    0.011731   0.41106    0.095011   0.21604
 -0.19616    0.003603  -0.4233     0.15074    0.12069   -0.027338
 -0.26999    0.27906   -0.12417   -0.089728   0.18246   -0.05727
  0.0557    -0.22825    0.13255    0.080238  -0.16385   -0.23294  ]

 Augmentations used by DEBIE-Engine:
['learning', 'erudition', 'education', 'lore', 'technologies', 'automation', 'engineering', 'technological', 'biophysics', 'electrodynamics', 'chromodynamics', 'physicists', 'biochemistry', 'radiochemistry', 'biology', 'electrochemistry', 'einsteins', 'brain', 'brainiac', 'relativity', 'gsfc', 'msfc', 'nasda', 'jaxa', 'experimentation', 'test', 'research', 'examination', 'astrophysics', 'astrometry', 'astronomer', 'astrobiology']
['poem', 'poesy', 'poems', 'verse', 'artistry', 'craft', 'craftsmanship', 'skill', 'shakespearean', 'shakespearian', 'shakespear', 'shakespears', 'dancing', 'hop', 'waltz', 'dances', 'dissertation', 'treatise', 'literatures', 'monograph', 'new', 'untried', 'groundbreaking', 'newfound', 'orchestra', 'philharmonic', 'sinfonietta', 'concerto', 'dramatics', 'dramaturgy', 'dramatization', 'theatre'] 


  0.10906   -0.086765   0.10627    0.44888   -0.056418   0.20892
 -0.016693  -0.25376    0.1194     0.28873    0.17414    0.39637
 -0.21174   -0.25297    0.14636   -0.50184    0.4051     0.23606
 -0.33897    0.22619    0.02415    0.34329   -0.15504   -0.49495
 -0.33449   -0.13143    0.03864    0.033687  -0.0085741  0.091025
 -0.24949    0.43062   -0.50729    0.25964    0.045393   0.10178
  0.24629    0.017884   0.049903  -0.024096  -0.21521    0.12311
 -0.58856   -0.067786   0.12735   -0.24322   -0.094541  -0.36226
  0.10282   -0.61313    0.18595   -0.14041    0.18779   -0.42272
 -0.2159    -0.23857   -0.21663    0.083608   0.19358    0.20706
 -0.20038   -0.067488   0.087705  -0.089407  -0.080633  -0.16355
 -0.30085    0.15657    0.046604   0.28483   -0.17658    0.023569
  0.37794    0.28682   -0.10284   -0.16682   -0.051283   0.30244
  0.25004    0.27342   -0.058123   0.26356    0.048653  -0.14089
 -0.052229  -0.21402    0.19715   -0.17561   -0.14555   -0.34689
  0.0015597  0.14545    0.38536   -0.65423   -0.091124   0.36333
 -0.14262    0.20461    0.0033033 -0.047512  -0.19585   -0.21279
  0.053593  -0.047466  -0.61003    0.23771   -0.3487     0.030812
  0.035229  -0.21111    0.06545    0.32341   -0.18166   -0.060813
 -0.2839    -0.24015    0.078397   0.34837    0.02401    0.16896
 -0.033856  -0.4687    -0.13147    0.033578  -0.10881    0.026636
 -0.086068   0.27835    0.0098933  0.079513   0.12277   -0.12645
  0.36835    0.118     -0.12072    0.1255    -0.33292   -0.36521
  0.47575    0.43834    0.031788   0.027667   0.246      0.023277
 -0.24597    0.31843   -0.051675  -0.37583    0.074817   0.26216
  0.26205   -0.032435  -0.30565    0.068967  -0.080944   0.12459
  0.096013   0.086397  -0.15823    0.32968    0.08373    0.6634
 -0.19363    0.021294   0.66555    0.35906    0.36558   -0.2522
  0.27673    0.40515   -0.066811  -0.16666    0.083932  -0.30101
  0.087806   0.76824   -0.081982  -0.13811   -0.039674  -0.013155
 -0.21048    0.41207    0.32019   -0.27844    0.014376   0.076612
 -0.10398    0.28884    0.10532    0.13101   -0.31357   -0.28372
  0.18552   -0.34963   -0.21958    0.10243   -0.46335    0.046772
 -0.23179   -0.18915    0.066941   0.28133   -0.4511    -0.26574
  0.10416   -0.10506   -0.19638   -0.2374     0.046812   0.42087
  0.62506   -0.073103   0.091029  -0.13022   -0.21063    0.034086
  0.13551   -0.043708  -0.32872    0.13756   -0.23261   -0.34125
 -0.63864    0.035716  -0.62559   -0.36903    0.11207   -0.15616
 -0.34142    0.078214  -0.15711    0.099259  -0.17725   -0.12162
  0.27571   -0.065325   0.13337   -0.096735  -0.15404   -0.03229
  0.02553   -0.049197  -0.23983   -0.34034    0.17151    0.28492
  0.14671    0.30391    0.121     -0.10555    0.028387   0.45146
 -0.2667    -0.094579   0.24916    0.074326  -0.091804  -0.26447
  0.20781   -0.048961  -0.5106    -0.011477   0.30274   -0.21099
  0.16079    0.53429    0.048794   0.025083   0.15705   -0.18233
  0.15783   -0.020542   0.049079   0.14135   -0.38132   -0.094353
 -0.37082    0.32715    0.011731   0.41106    0.095011   0.21604
 -0.19616    0.003603  -0.4233     0.15074    0.12069   -0.027338
 -0.26999    0.27906   -0.12417   -0.089728   0.18246   -0.05727
  0.0557    -0.22825    0.13255    0.080238  -0.16385   -0.23294 


  Debiased with original order of augmentations:
  [ 1.93092581e-02 -2.48519294e-02 -3.86942364e-03  7.65771791e-02
  3.42631340e-02  5.23701049e-02 -1.23453084e-02 -2.44669355e-02
  3.60279232e-02  7.37654567e-02  5.40874638e-02  8.64867419e-02
 -3.35588530e-02 -6.05981573e-02 -1.43034011e-02 -1.14715047e-01
  6.69976771e-02  5.58118708e-02 -2.54975148e-02  9.49485973e-03
 -2.08653277e-03  8.28256458e-02 -3.35462503e-02 -8.43638554e-02
 -2.78257467e-02 -3.42030413e-02 -3.58285010e-03  2.49690227e-02
  1.33769773e-03 -6.17620349e-03 -6.40700310e-02  6.86961114e-02
 -1.33005053e-01  4.94910181e-02  3.74029465e-02  5.95085695e-03
  3.39593217e-02 -3.30538079e-02  2.36916989e-02  1.84091292e-02
 -3.12647820e-02 -2.42484733e-03 -1.31132409e-01  2.24807877e-02
  2.42829509e-02 -5.13242446e-02 -3.76535915e-02 -8.84607360e-02
 -1.92950182e-02 -9.70891714e-02  4.41602878e-02  3.69165465e-03
  6.26273751e-02 -4.56310548e-02 -2.51058470e-02 -2.24985555e-03
 -3.73967327e-02  4.15718742e-02  5.67247346e-02  2.89560854e-02
 -2.61511654e-03  1.74092595e-02  2.89222896e-02  4.79339994e-03
 -1.60674397e-02 -1.31838024e-04 -7.27701411e-02  6.21379092e-02
  2.58833580e-02  4.40517515e-02 -2.21127383e-02  1.47880167e-02
  5.39567731e-02  9.03007835e-02 -7.15689920e-03 -2.63659079e-02
 -2.34799553e-03  5.77251911e-02  2.61477120e-02  7.70870149e-02
 -1.73417293e-02  3.42536680e-02  1.48662347e-02 -2.68413872e-03
 -2.54749693e-02 -1.80029422e-02  3.26270759e-02 -1.67441033e-02
 -3.27682272e-02 -3.37573551e-02  2.34091580e-02 -1.99989192e-02
  8.69923085e-02 -1.20791584e-01 -1.28276385e-02  7.82273859e-02
 -3.54415737e-02  4.67153005e-02  9.75234713e-03  2.26092339e-03
 -6.47018924e-02 -4.88625988e-02  4.31552064e-03 -1.38970679e-02
 -1.14178069e-01  1.70772560e-02 -6.75991699e-02  1.70403291e-02
 -4.36699204e-03 -6.01010546e-02  1.77362841e-02  6.30472600e-02
 -4.37801704e-02 -1.33157214e-02 -6.87137842e-02 -6.18751012e-02
  4.01239991e-02  3.02555449e-02 -2.00833986e-03  5.00817820e-02
  9.83068720e-03 -6.61261678e-02 -5.50209545e-03  7.50258239e-03
 -3.19958329e-02  2.83810720e-02  6.12884760e-03  3.04899029e-02
 -3.36368592e-03  4.17812914e-02  2.36778185e-02 -5.36696538e-02
  9.17756632e-02  2.04984006e-02 -3.26549895e-02  3.94034348e-02
 -7.40083382e-02 -1.12830356e-01  8.49664360e-02  5.57140261e-02
  2.70216204e-02 -6.26789220e-03  4.62974571e-02  1.81418918e-02
 -4.20238674e-02  8.87965783e-02 -2.11157836e-02 -1.39018551e-01
  1.94733683e-03  6.16006330e-02  4.53422219e-02 -5.17526157e-02
 -6.83583841e-02  5.09365126e-02 -3.27036828e-02  2.86351368e-02
 -5.47362119e-03 -3.13486159e-03 -1.07108075e-02  5.37979566e-02
  2.67445073e-02  1.46426067e-01 -5.04158810e-03  1.50927240e-02
  1.26201779e-01  2.38350257e-02  5.87517992e-02 -6.16080873e-02
  8.42673108e-02  6.83299080e-02 -9.32650361e-03 -3.73779275e-02
 -2.29291376e-02 -7.64509737e-02  2.23161075e-02  1.63624406e-01
 -4.16485928e-02  1.88656487e-02  2.61300020e-02  4.04529553e-03
  1.82736292e-03  7.38340020e-02  1.07019261e-01 -6.26213774e-02
 -6.53342903e-03  3.68898511e-02 -2.37318091e-02  1.61756165e-02
  1.53321493e-02  6.18835613e-02 -2.92645916e-02 -4.25608754e-02
  4.86114249e-02 -4.45724949e-02 -6.16692565e-02  8.17918591e-03
 -1.17114872e-01  3.71766351e-02 -6.40719309e-02 -3.77616324e-02
  1.20655876e-02  4.53918874e-02 -7.48041868e-02 -4.54950258e-02
  1.66836753e-02 -4.39445116e-02 -5.82868569e-02 -2.46266369e-02
  3.71527672e-02  1.04024202e-01  1.74259305e-01  8.68740678e-03
  4.25702333e-03 -7.24627227e-02 -3.31532285e-02  2.55904365e-02
  2.52780281e-02 -1.58282686e-02 -8.52087289e-02  3.44213173e-02
 -4.68911901e-02 -8.13402608e-02 -1.43363521e-01  4.69754590e-03
 -1.27401292e-01 -4.13897000e-02 -1.06460024e-02 -2.04832591e-02
 -2.74585448e-02  4.06757817e-02 -2.47751921e-02  8.11346173e-02
 -2.44449824e-04 -2.96274982e-02  3.52185816e-02  2.24437043e-02
  2.48673335e-02  1.23148020e-02 -8.76300037e-03 -3.87224779e-02
  3.95158399e-03  2.16511823e-03 -7.63719380e-02 -7.59869590e-02
  6.11392409e-02  2.55144387e-02  4.43821251e-02  4.51345332e-02
  1.61933638e-02 -3.69079150e-02  3.86853069e-02  1.08237214e-01
 -1.77688524e-02 -6.49718419e-02  3.96601707e-02  4.22270522e-02
 -2.68634222e-02 -7.55499452e-02  5.94200976e-02 -1.84296705e-02
 -8.82798955e-02 -2.46463194e-02  7.10360855e-02 -5.63903041e-02
  4.26155441e-02  1.28636792e-01  1.09823933e-02  1.02852257e-02
  3.03568505e-02 -5.30802757e-02  4.34560813e-02  2.42186822e-02
 -9.08741169e-03  4.69371229e-02 -7.16426671e-02 -2.83213910e-02
 -7.99692422e-02  7.14189783e-02  2.37739421e-02  9.30137113e-02
  3.96420546e-02  5.96269593e-02 -3.96113656e-02  3.93315665e-02
 -5.83220460e-02  3.51852961e-02  2.15229318e-02  1.03151985e-02
 -5.17311692e-02  4.11746539e-02 -2.21356433e-02 -3.44053805e-02
  1.25635024e-02 -2.39347499e-02 -6.81059435e-04 -5.98972104e-02
 -7.73169100e-04  2.17409767e-02  8.07546079e-04 -1.53427944e-03]

Debiased with DEBIE-Order of augmentations
 [ 2.1800615e-02 -2.0679440e-02 -3.4311041e-03  8.1119210e-02
  3.0202527e-02  6.2573925e-02 -1.9488238e-03 -2.5432527e-02
  3.4962773e-02  7.9241313e-02  5.8225334e-02  7.9057440e-02
 -4.1094147e-02 -6.0280453e-02 -1.2098230e-02 -1.2066849e-01
  6.5386668e-02  5.0951295e-02 -4.4809561e-02  2.7099125e-02
 -3.5732538e-03  7.7989072e-02 -3.1021167e-02 -9.4710037e-02
 -2.9543854e-02 -3.4973290e-02  1.5845336e-04  3.2289609e-02
  1.1033295e-02 -1.2302250e-03 -6.6688851e-02  7.5257123e-02
 -1.4135630e-01  5.3485669e-02  3.4503419e-02 -2.6221946e-03
  3.5604186e-02 -2.9106891e-02  2.4479797e-02  1.1870199e-02
 -3.7438717e-02 -1.2933221e-03 -1.3340689e-01  1.6664511e-02
  2.0458417e-02 -5.1735651e-02 -4.0841915e-02 -8.0340706e-02
 -1.9842964e-02 -1.1438385e-01  4.4903837e-02 -1.7883219e-03
  5.3450324e-02 -5.6885861e-02 -3.4644112e-02 -1.2681644e-02
 -4.6907417e-02  2.5216179e-02  4.8055030e-02  3.9318893e-02
  1.8946491e-03  2.1513628e-02  3.2984905e-02  7.1618576e-03
 -2.1679666e-02 -4.6403445e-03 -7.4343078e-02  4.7292572e-02
  2.3906900e-02  4.9741410e-02 -2.9870017e-02  9.0998821e-03
  5.4574449e-02  8.8214293e-02  1.2397319e-03 -3.2889422e-02
  5.9966445e-03  6.9855370e-02  3.5357609e-02  7.5820170e-02
 -9.1345925e-03  4.4044197e-02  1.4877728e-02 -1.7103165e-02
 -2.5320206e-02 -1.7881881e-02  4.5439944e-02 -2.7671758e-02
 -3.5903007e-02 -4.0447183e-02  2.2355683e-02 -1.0214597e-02
  8.9286096e-02 -1.3728301e-01 -2.2639329e-02  7.7470154e-02
 -3.5137579e-02  4.5572862e-02  1.0627865e-02  1.7649783e-03
 -5.5681564e-02 -4.8698574e-02  1.4062466e-02 -1.0864365e-02
 -1.1473733e-01  2.1519482e-02 -7.6264009e-02  8.0218259e-03
 -7.1704872e-03 -6.4641252e-02  1.7070131e-02  6.8167165e-02
 -4.6571720e-02 -1.7805040e-02 -6.0725503e-02 -5.2148499e-02
  3.8656026e-02  4.5854926e-02 -5.2082674e-03  5.6720197e-02
  3.3067502e-03 -7.3402345e-02 -1.1536596e-02  1.7793607e-03
 -2.9219981e-02  2.2692617e-02  4.9995370e-03  4.1528746e-02
  1.5840932e-03  3.8056128e-02  2.3777008e-02 -5.7155743e-02
  9.4766185e-02  2.7036013e-02 -3.5037830e-02  4.1606911e-02
 -7.9262532e-02 -1.0458342e-01  9.0056211e-02  6.0982175e-02
  2.5199085e-02  5.6160018e-03  5.2215088e-02  9.5866527e-03
 -3.9272428e-02  9.6964598e-02 -2.1176742e-02 -1.2630916e-01
 -1.7852783e-03  4.8512638e-02  4.9107604e-02 -4.5460273e-02
 -6.5663211e-02  4.5987219e-02 -2.8583894e-02  3.0336814e-02
 -1.8254761e-03 -5.0003454e-04 -1.1677470e-02  5.5992551e-02
  2.8469499e-02  1.5724564e-01 -1.1475846e-02  3.7283287e-03
  1.3274065e-01  3.4372292e-02  6.1056100e-02 -6.4059302e-02
  8.7538913e-02  6.8330474e-02 -1.2639678e-02 -4.1670099e-02
 -2.4242794e-02 -7.8895226e-02  2.4551503e-02  1.7051435e-01
 -3.6613211e-02  2.1210320e-02  2.4417426e-02  7.7710738e-03
  2.1134019e-03  7.6002359e-02  1.0277689e-01 -6.5211810e-02
 -1.3543854e-02  3.4091696e-02 -2.3432648e-02  2.5182996e-02
  7.3499475e-03  6.1176077e-02 -3.4152444e-02 -4.6950981e-02
  5.0834477e-02 -4.6187513e-02 -4.7677394e-02  1.7456673e-02
 -1.0843908e-01  2.2095297e-02 -6.2861286e-02 -4.8566937e-02
  1.1603013e-02  5.8908083e-02 -7.1418442e-02 -4.5584410e-02
  2.1479839e-02 -3.7101738e-02 -5.1564820e-02 -3.0803701e-02
  2.5106315e-02  1.1234951e-01  1.6186705e-01  1.4358053e-02
  7.0508942e-04 -6.7519769e-02 -3.4823041e-02  2.7093416e-02
  1.9573580e-02 -1.2643687e-02 -8.5567102e-02  2.8065998e-02
 -3.8209565e-02 -8.6065516e-02 -1.4845648e-01 -1.6190019e-04
 -1.3186586e-01 -4.4626817e-02 -2.8475467e-03 -1.2245249e-02
 -3.7697718e-02  2.9159036e-02 -3.6601804e-02  7.4533686e-02
 -1.1232682e-03 -3.4117013e-02  5.0669685e-02  2.2445407e-02
  4.0017791e-02  1.3474757e-02 -1.2403747e-02 -4.0337700e-02
  1.3368297e-04 -1.4178324e-03 -7.3779300e-02 -6.9397092e-02
  5.6687757e-02  4.3742772e-02  4.4184469e-02  5.2670829e-02
  1.4506035e-02 -3.4012899e-02  2.8567262e-02  1.1078800e-01
 -1.5707247e-02 -6.0971297e-02  4.5812845e-02  3.2312386e-02
 -2.9138453e-02 -6.6664353e-02  7.0468225e-02 -1.2100996e-02
 -9.7324982e-02 -2.3419710e-02  7.5963348e-02 -5.3760327e-02
  4.5209523e-02  1.2848848e-01  1.3923925e-02  1.3519678e-02
  3.6299549e-02 -4.3500237e-02  5.4870524e-02  2.2186510e-02
 -3.3378806e-03  4.1644201e-02 -6.9444008e-02 -3.7884004e-02
 -7.4220948e-02  7.1030349e-02  1.3861822e-02  9.4632402e-02
  4.4204175e-02  7.2177283e-02 -4.5674946e-02  2.7028728e-02
 -7.2108611e-02  4.2366900e-02  1.8555341e-02  1.4757050e-02
 -5.2140132e-02  4.1075639e-02 -2.8546885e-02 -2.9970072e-02
  3.0087069e-02 -3.3740938e-02 -2.5497656e-04 -6.8784870e-02
  7.1465224e-03  1.5227552e-02 -5.1559508e-03 -6.1471500e-03]


  0.021800614893436432,-0.02067944034934044,-0.0034311041235923767,0.08111920952796936,
  0.030202526599168777,0.06257392466068268,-0.0019488238031044602,-0.0254325270652771,
  0.03496277332305908,0.0792413130402565,0.05822533369064331,0.07905744016170502,
  -0.04109414666891098,-0.0602804534137249,-0.012098230421543121,-0.12066849321126938,
  0.06538666784763336,0.05095129460096359,-0.04480956122279167,0.0270991250872612,
  -0.0035732537508010864,0.07798907160758972,-0.03102116659283638,-0.09471003711223602,
  -0.029543854296207428,-0.03497328981757164,0.00015845336019992828,0.03228960931301117,
  0.011033294722437859,-0.0012302249670028687,-0.06668885052204132,0.07525712251663208,
  -0.14135630428791046,0.05348566919565201,0.03450341895222664,-0.0026221945881843567,
  0.03560418635606766,-0.02910689078271389,0.02447979710996151,0.011870198883116245,
  -0.03743871673941612,-0.0012933220714330673,-0.1334068924188614,0.01666451059281826,
  0.020458417013287544,-0.05173565074801445,-0.04084191471338272,-0.08034070581197739,
  -0.0198429636657238,-0.11438384652137756,0.04490383714437485,-0.0017883218824863434,
  0.0534503236413002,-0.05688586086034775,-0.03464411199092865,-0.012681644409894943,
  -0.046907417476177216,0.025216178968548775,0.04805503040552139,0.03931889310479164,
  0.0018946491181850433,0.021513627842068672,0.0329849049448967,0.007161857560276985,
  -0.02167966589331627,-0.004640344530344009,-0.07434307783842087,0.047292571514844894,
  0.023906899616122246,0.049741409718990326,-0.029870016500353813,0.00909988209605217,
  0.054574448615312576,0.08821429312229156,0.0012397319078445435,-0.03288942202925682,
  0.005996644496917725,0.06985536962747574,0.03535760939121246,0.07582017034292221,
  -0.009134592488408089,0.04404419660568237,0.014877728186547756,-0.0171031653881073,
  -0.025320205837488174,-0.017881881445646286,0.0454399436712265,-0.027671758085489273,
  -0.03590300679206848,-0.0404471829533577,0.022355683147907257,-0.01021459698677063,
  0.08928609639406204,-0.13728301227092743,-0.022639328613877296,0.07747015357017517,
  -0.03513757884502411,0.04557286202907562,0.010627864859998226,0.0017649782821536064,
  -0.055681563913822174,-0.04869857430458069,0.014062466099858284,-0.01086436491459608,
  -0.11473733186721802,0.021519482135772705,-0.07626400887966156,0.008021825924515724,
  -0.007170487195253372,-0.06464125216007233,0.01707013137638569,0.06816716492176056,
  -0.04657172039151192,-0.017805039882659912,-0.06072550266981125,-0.052148498594760895,
  0.038656026124954224,0.045854926109313965,-0.005208267364650965,0.056720197200775146,
  0.0033067502081394196,-0.07340234518051147,-0.011536596342921257,0.0017793606966733932,
  -0.029219981282949448,0.022692617028951645,0.004999537020921707,0.041528746485710144,
  0.0015840932028368115,0.03805612772703171,0.023777008056640625,-0.05715574324131012,
  0.09476618468761444,0.027036013081669807,-0.03503783047199249,0.04160691052675247,
  -0.07926253229379654,-0.10458341985940933,0.09005621075630188,0.060982175171375275,
  0.025199085474014282,0.005616001784801483,0.0522150881588459,0.009586652740836143,
  -0.039272427558898926,0.09696459770202637,-0.021176742389798164,-0.12630915641784668,
  -0.0017852783203125,0.04851263761520386,0.04910760372877121,-0.04546027258038521,
  -0.06566321104764938,0.045987218618392944,-0.028583893552422523,0.030336814001202583,
  -0.0018254760652780533,-0.0005000345408916473,-0.011677470058202744,0.055992551147937775,
  0.028469499200582504,0.15724563598632812,-0.01147584617137909,0.003728328738361597,
  0.13274064660072327,0.03437229245901108,0.06105609983205795,-0.0640593022108078,
  0.08753891289234161,0.06833047419786453,-0.012639678083360195,-0.04167009890079498,
  -0.024242794141173363,-0.07889522612094879,0.024551503360271454,0.17051434516906738,
  -0.036613211035728455,0.02121032029390335,0.02441742643713951,0.007771073840558529,
  0.0021134018898010254,0.07600235939025879,0.1027768924832344,-0.06521181017160416,
  -0.013543853536248207,0.03409169614315033,-0.023432647809386253,0.025182995945215225,
  0.007349947467446327,0.06117607653141022,-0.03415244445204735,-0.04695098102092743,
  0.050834476947784424,-0.04618751257658005,-0.04767739400267601,0.017456673085689545,
  -0.10843908041715622,0.022095296531915665,-0.06286128610372543,-0.04856693744659424,
  0.011603012681007385,0.05890808254480362,-0.07141844183206558,-0.045584410429000854,
  0.021479839459061623,-0.03710173815488815,-0.05156482011079788,-0.030803700909018517,
  0.025106314569711685,0.1123495101928711,0.16186705231666565,0.014358052983880043,
  0.0007050894200801849,-0.06751976907253265,-0.034823041409254074,0.027093416079878807,
  0.019573580473661423,-0.012643687427043915,-0.08556710183620453,0.0280659981071949,
  -0.03820956498384476,-0.08606551587581635,-0.14845648407936096,-0.00016190018504858017,
  -0.13186585903167725,-0.04462681710720062,-0.002847546711564064,-0.01224524900317192,
  -0.03769771754741669,0.02915903553366661,-0.036601804196834564,0.07453368604183197,
  -0.0011232681572437286,-0.03411701321601868,0.05066968500614166,0.022445406764745712,
  0.04001779109239578,0.013474756851792336,-0.01240374706685543,-0.0403377003967762,
  0.0001336829736828804,-0.0014178324490785599,-0.07377929985523224,-0.06939709186553955,
  0.05668775737285614,0.043742772191762924,0.04418446868658066,0.05267082899808884,0.014506034553050995,
  -0.03401289880275726,0.0285

science technology physics chemistry Einstein NASA experiment astronomy
["poetry art Shakespeare dance literature novel symphony drama"]
attributes_1 = ["brother father uncle grandfather son he his him"]
attributes_2 = ["sister mother aunt grandmother daughter she hers her"]

# WEAT 8 augmentations, which we automatically retrieved via the similarity specialized embedding space
tgs_1_aug = ["physicists test electrochemistry automation engineering biophysics education learning chromodynamics technologies radiochemistry examination biology technological astronomer astrophysics experimentation biochemistry research lore electrodynamics astrobiology astrometry erudition"]
tgs_2_aug = ["dramaturgy monograph untried dances poesy dissertation craftsmanship orchestra treatise skill waltz poem literatures dramatization poems theatre dancing newfound hop artistry new verse craft philharmonic concerto groundbreaking dramatics sinfonietta"]
